0,0.00156325563036,0.00156297141426,0.00156275956751,0.00156264484471,0.985934025195,0.00156306078782,0.00156295395545,0.00156256955582,0.00156302957965,0.00156272946901
1,0.0011114079863,0.989998440975,0.00111120860757,0.00111126248122,0.0011112723289,0.00111144185838,0.00111124103015,0.00111112318551,0.0011112641244,0.00111133742237
2,0.00123521843129,0.988887137165,0.00123468603647,0.0012346078898,0.00123470826564,0.00123472024086,0.00123480642118,0.00123473870445,0.00123465858078,0.00123471826456
3,0.00105303802495,0.523682541569,0.00105271143025,0.00105265686221,0.00105277763588,0.00105291579818,0.00105277390559,0.46789487466,0.00105273235666,0.00105297775693
4,0.00142902088425,0.498000166953,0.00142874739521,0.0014286828011,0.00142890305548,0.00142900172065,0.102137238677,0.00142866544524,0.00142937608603,0.389860196982
5,0.00588526957107,0.00588451692257,0.00588616726249,0.398118735808,0.00588552345638,0.00588304042816,0.368967948961,0.00588244126792,0.191722822105,0.00588353421766
6,0.354352354204,0.295495235312,0.180374116842,0.00137007113874,0.00137007244752,0.00137005199642,0.0013703281938,0.00136997859066,0.161557676624,0.00137011465063
7,0.165222229526,0.00105282271099,0.00105272637967,0.0010526999867,0.00105285996908,0.0010529874532,0.00105277747479,0.00105273702516,0.00105273832511,0.826355421149
8,0.00121973054278,0.00121992166543,0.00121973432886,0.00121959656012,0.102189363565,0.385703691421,0.0198845415591,0.0012196561418,0.484903999412,0.00121976480469
9,0.000980637880661,0.323880180496,0.0888779692049,0.000980411553079,0.000980636563682,0.000980665882258,0.0676293647552,0.000980508519639,0.447375222748,0.0673344023971
10,0.0826161776891,0.000787568203422,0.109195891014,0.000787430234602,0.000787486556874,0.000787636807048,0.000787471732618,0.000787534352561,0.000787600536343,0.802675202874
11,0.00109935386035,0.347574591126,0.27500288538,0.0939206168435,0.00109917970665,0.00109914424536,0.00109908609375,0.00109896369896,0.00109896768633,0.276907211359
12,0.00137022406526,0.270917312637,0.00137008990097,0.00137021705518,0.00137045182719,0.0839420105846,0.635549226615,0.00137004151548,0.00137018374252,0.00137024205733
13,0.00087751009701,0.000877360317565,0.00087726915229,0.000877412785186,0.417140532894,0.000877364440976,0.000877459709876,0.326396143998,0.000877506900655,0.250321439704
14,0.00144956968008,0.00144992599755,0.00144968359143,0.00144959685871,0.00144969718335,0.00144956854744,0.986953416206,0.00144942462126,0.00144943109415,0.00144968622029
15,0.00133361621852,0.132016122171,0.00133349123485,0.00133357165499,0.00133353329077,0.00133358183672,0.559520380362,0.00133338308049,0.0013337834729,0.299128536678
16,0.00111134402411,0.29090910044,0.00111126956637,0.00111117099077,0.113155458664,0.00111129645582,0.588156379843,0.00111113646186,0.00111124874657,0.00111159480783
17,0.0915758901582,0.000990348187599,0.000990173458601,0.000990155834169,0.000990263952249,0.238882671095,0.449050851026,0.000990152046011,0.000990178707543,0.214549315534
18,0.00149266324007,0.655147002715,0.00149267925268,0.00149256076499,0.00149295691872,0.141706580776,0.192697444908,0.0014925787055,0.00149266363467,0.0014928690835
19,0.000961774111135,0.991345032643,0.000961588199852,0.000961582716782,0.000961798875903,0.00096168654389,0.000961671913995,0.000961552551097,0.000961623978387,0.00096168846591
20,0.468952337723,0.00126614584198,0.00126594693705,0.00126595804828,0.00126615625401,0.290738492738,0.0300374731026,0.00126585322979,0.00126600784594,0.202675628279
21,0.105850709072,0.10159828306,0.443210547007,0.000917579753531,0.000917648820181,0.000917527801118,0.000917600941319,0.0158650241377,0.0903674103924,0.239437669014
22,0.229470188642,0.00158784212377,0.00158735352609,0.434701389555,0.00158749691238,0.258494504352,0.00158783013142,0.00158734755727,0.00158740751446,0.0678086396858
23,0.985935815146,0.00156291157527,0.0015626655618,0.00156253952823,0.0015628537107,0.00156260306492,0.00156269744933,0.00156253398173,0.0015626104703,0.00156276951129
24,0.00142889535388,0.00142917708986,0.00142868461374,0.00142863648149,0.00142883443784,0.00142869331879,0.00142883062271,0.00142859019793,0.00142872742362,0.98714093046
25,0.000990375218733,0.0850023935067,0.000990259665805,0.000990273399939,0.861356016753,0.000990342046037,0.000990238760622,0.000990130929931,0.00099028244026,0.0467096872795
26,0.000893038968602,0.000893069113214,0.000892924341784,0.000892889917588,0.906446514567,0.000893127116017,0.000893066569614,0.000892951727844,0.00089294813412,0.0864094695442
27,0.990906692602,0.00101028342335,0.00101037248878,0.00101012467951,0.00101027697103,0.00101098274087,0.00101021817455,0.00101034574506,0.00101030725573,0.00101039591884
28,0.49207902428,0.497253009655,0.00133350773753,0.00133338503682,0.00133355166943,0.001333515396,0.00133360661736,0.00133334471376,0.00133346769989,0.00133358719392
29,0.00117678053372,0.631034399325,0.00117662966744,0.00117694508849,0.304004131305,0.00117660575198,0.044776488502,0.001176489496,0.00117654383929,0.0131249864908
30,0.00121977365837,0.300928313603,0.00121966736631,0.00121955032148,0.0963726427508,0.00121966330732,0.00121990399876,0.00122015388571,0.314680050199,0.28070028091
31,0.78880530488,0.196475652317,0.000602477076788,0.000602440836466,0.000602581511128,0.0105015275324,0.000602558996558,0.000602431086384,0.000602455092,0.000602570671258
32,0.116842667939,0.0010640836134,0.00106393283668,0.0010639080259,0.8383819279,0.0010639562657,0.00106395897587,0.00106386094854,0.0373277035523,0.00106399994303
33,0.000826690758524,0.3233338747,0.000826556565723,0.000826487088821,0.000826617475795,0.000826588367904,0.670053156712,0.000826474375463,0.000826924924332,0.000826629031236
34,0.321106073921,0.00138924428233,0.00138921862113,0.00138910954816,0.00138928462673,0.00138914323416,0.00138902727217,0.00138892912805,0.00138910002171,0.667780869344
35,0.905492604864,0.00625274464225,0.00625188602477,0.0444977197796,0.00625048027021,0.00625207209453,0.00625125451906,0.00625022168626,0.00625055086293,0.00625046525672
36,0.00123508703012,0.164823851327,0.00123475003501,0.802438317292,0.00123491307595,0.00123492240778,0.0240933652224,0.00123519433768,0.00123470503988,0.00123489423227
37,0.000763593846238,0.0571075299654,0.000763418186133,0.000763415397666,0.000763593831972,0.00076348227805,0.0395918745714,0.000763439712797,0.00076351108168,0.897956141129
38,0.227834959749,0.000714466766586,0.000714436575317,0.000714343011755,0.766449432265,0.000714413034616,0.000714571477833,0.000714435255174,0.00071433723822,0.000714604626122
39,0.000990298971732,0.792419925644,0.000990244005653,0.000990141925195,0.000990328888808,0.000990389792934,0.0458067656081,0.000990114522261,0.000990257182502,0.154841533459
40,0.0849469965491,0.145143242929,0.622300670826,0.000549484583727,0.144311675172,0.000549515444984,0.00054955856931,0.000549774867547,0.000549482376684,0.00054959868212
41,0.00185216913397,0.983331413377,0.00185204691431,0.00185188074077,0.00185214678564,0.00185187646687,0.00185246764992,0.00185188807274,0.00185211691878,0.00185199394012
42,0.20545226524,0.502342356178,0.0015386443445,0.00153856251876,0.00153945367192,0.281433905798,0.00153890957531,0.00153858088994,0.00153857928106,0.00153874250179
43,0.121585793114,0.00100025814494,0.00100046411611,0.00100006040393,0.00100030814333,0.00100015966535,0.870412453454,0.00100002560571,0.00100013102844,0.00100034632366
44,0.00137036929883,0.00137015269782,0.00137015846428,0.00136994272263,0.00137015474102,0.118239701005,0.68352829351,0.00136987787246,0.188641003107,0.00137034658153
45,0.195754150868,0.279346239906,0.32816657197,0.00131587372432,0.188836836989,0.00131614403414,0.00131625904633,0.00131589313796,0.00131591232894,0.00131611799627
46,0.976919315364,0.00256479020417,0.00256442604512,0.00256421721285,0.00256507203196,0.00256430890586,0.00256463615751,0.002564300081,0.0025643560122,0.00256457798521
47,0.0392999148737,0.00222315335744,0.00222229393267,0.00222233255448,0.00222311153106,0.00222241992772,0.188879989738,0.00222242598461,0.00222237779612,0.756261980304
48,0.000901031137168,0.00090110629402,0.000901274672228,0.0164995028458,0.956893198389,0.000900972928849,0.0202997216249,0.000901194664529,0.000900951520427,0.000901045923398
49,0.205794998873,0.000819899033829,0.366112953913,0.000819691387405,0.000819908127744,0.000819839269189,0.000819772990127,0.000819724674529,0.0250362352362,0.398136976495
50,0.0462385103716,0.172903755865,0.00158739335842,0.00158738513742,0.00158777249187,0.76974497482,0.00158777207052,0.00158739414661,0.00158752407744,0.00158751766103
51,0.12953519754,0.0877601735498,0.00126601065927,0.001265950648,0.00126619427818,0.00126622248748,0.773842476815,0.00126586363871,0.00126589393187,0.00126601645141
52,0.257951671725,0.0915914127861,0.00131588293327,0.00131590348341,0.0013160691993,0.00131602827988,0.641245041731,0.00131588070367,0.00131594574553,0.00131616341307
53,0.0008930179272,0.000893037458468,0.000892890911287,0.218268905823,0.0325165814364,0.0008930361199,0.167429960033,0.000892874982376,0.000892897521406,0.576426797786
54,0.376137294651,0.000666917720352,0.000666711725605,0.000667133258411,0.608102734854,0.0110921499599,0.000666751236689,0.000666686199247,0.000666744329958,0.000666876064435
55,0.00123471102982,0.965628813799,0.00123460604926,0.024493029802,0.00123488719256,0.00123462039214,0.001234737006,0.00123467341407,0.00123499581495,0.00123492549989
56,0.368632679523,0.626303381645,0.000633019383587,0.000633063395124,0.000632981220537,0.000632965404375,0.000632974871912,0.00063292512506,0.000632935125165,0.000633074305809
57,0.719402492448,0.00114968914918,0.00114949714284,0.158533605312,0.0848036345149,0.00114958244822,0.00114969481737,0.0303627230577,0.00114950173576,0.00114957937448
58,0.00084764527251,0.992372047301,0.000847492295571,0.000847540215218,0.000847596362282,0.000847548048602,0.000847553040548,0.000847473109779,0.000847551259419,0.000847553095297
59,0.000735406335586,0.877742119943,0.000735368683326,0.00073534677139,0.000735437146271,0.000735467682942,0.000735427577949,0.000735323198386,0.000735481114287,0.116374621547
60,0.00126620819338,0.0250655696983,0.00126595947012,0.00126592012168,0.00126614087488,0.0395124277067,0.926559764456,0.00126592435319,0.00126591628595,0.00126616884006
61,0.00588436639971,0.35133523073,0.00588455220967,0.00588321029341,0.00588409815529,0.144329488676,0.00588549125441,0.00588313697236,0.00588426668289,0.463146158626
62,0.00125030864229,0.089296687645,0.00125012384703,0.00125009041577,0.00125036980194,0.00125027327955,0.900701577472,0.0012500548563,0.00125026742055,0.00125024661952
63,0.228281507159,0.764879677841,0.000854928363638,0.000854716878133,0.000854886420101,0.000854861723708,0.000854857283991,0.000854726136916,0.000855008779963,0.000854829413428
64,0.992499097559,0.000833500710967,0.000833377184473,0.000833384521797,0.000833539644607,0.000833449131622,0.000833460809325,0.000833355521036,0.000833399014415,0.000833435902385
65,0.728906429533,0.00192333494326,0.00192351570198,0.00192315641481,0.00192325921037,0.0288957568588,0.00192367337481,0.00192311253215,0.00192329874172,0.228734462689
66,0.356494856008,0.00133358460953,0.00133341286657,0.00133338276306,0.00133358716009,0.00133437622802,0.00133353214807,0.00133337857138,0.632836268651,0.00133362099421
67,0.0209782487362,0.0012502095198,0.00125011229327,0.0012500575524,0.00125016460891,0.00125014071641,0.969020692328,0.00125003741563,0.00125014972836,0.00125018710109
68,0.071783654063,0.137164003089,0.000980507028341,0.000980447364828,0.756543619405,0.000980664736755,0.000980614414391,0.000980511528582,0.0286252447843,0.000980733585718
69,0.000826577683999,0.000826648709014,0.000826512197321,0.000826464776895,0.000826629751733,0.000826609811969,0.853165975192,0.00082647818962,0.000826519376822,0.140221584311
70,0.127330792701,0.490069530582,0.00102058980516,0.00102064510276,0.00102066534157,0.00102073101144,0.375455403023,0.00102044251017,0.0010204968974,0.00102070302456
71,0.762895773258,0.175531639986,0.0143482507646,0.00102052337067,0.0010205775289,0.00102073455392,0.00102055996161,0.00102048733059,0.00102045463897,0.0411009986066
72,0.000787563155885,0.24983329937,0.000787436460846,0.000787472068614,0.0204262287648,0.000787526320946,0.724227871597,0.000787472818733,0.000787497515784,0.000787631927891
73,0.000971039579461,0.000971191493866,0.000971044628337,0.000970907274616,0.320302629805,0.504113559835,0.168786365442,0.000970914969649,0.000971003407758,0.000971343563221
74,0.553108700506,0.0973076075053,0.000943475714667,0.000943468438457,0.000943632166756,0.0724288237121,0.000943558544496,0.000943415680194,0.000943468069911,0.271493849662
75,0.000990254301126,0.000990272328123,0.0009901887201,0.000990122001094,0.000990257933985,0.000990403402266,0.000990249677897,0.000990126918518,0.0659668940963,0.926111230621
76,0.00137038915157,0.781312619547,0.00136998695755,0.00136993911871,0.00137006585139,0.0013699740791,0.0013700287615,0.00136988333225,0.00136997528963,0.207727137912
77,0.000787604415227,0.000787639178545,0.000787431847815,0.000787433822828,0.000787538411513,0.800193404947,0.000787654686861,0.000787472334925,0.000787478124836,0.193506342231
78,0.85435320911,0.0677828248776,0.000735357700162,0.0108112689164,0.000735433984575,0.000735429987,0.0411398192389,0.000735305987469,0.000735412783335,0.0222359374149
79,0.333582816014,0.00081325849849,0.000813154604301,0.000813039358321,0.603968970054,0.00081331005092,0.0330005202897,0.000813060131746,0.000813220773637,0.0245686502247
80,0.992103776759,0.000877370541837,0.000877246163531,0.000877228589134,0.000877319732388,0.000877422629661,0.000877413264354,0.000877272238414,0.000877350747914,0.0008775993333
81,0.197166435604,0.0008199310343,0.00081978410592,0.000820151682594,0.00081987606208,0.608574822519,0.000819921531628,0.000819894048759,0.000819792763217,0.188519390649
82,0.000970987737448,0.000971048993195,0.0273317635859,0.000970961908974,0.000971036997011,0.000971106310626,0.000971034934463,0.00097096004704,0.964899842316,0.000971257169227
83,0.000943657908587,0.0319865189603,0.000943448357401,0.000943474834369,0.000943574620443,0.0482965110635,0.732785565004,0.000943554200365,0.181270054143,0.000943640908005
84,0.00064950036874,0.000649500924917,0.754169271456,0.000649467983102,0.000649519152288,0.24063495711,0.000649453176801,0.00064939039787,0.000649422571836,0.000649516858495
85,0.00156281154608,0.547476431272,0.00156293630955,0.00156259262294,0.00156277117472,0.440021198704,0.00156286111337,0.00156254713404,0.00156263436969,0.00156321575362
86,0.0011629176355,0.818404108567,0.097556916745,0.00116281898743,0.0011629199423,0.0758981605255,0.00116296755488,0.00116282299966,0.00116297089553,0.00116339614682
87,0.029199990608,0.000877431687853,0.00087734916436,0.000877409684811,0.000877309051126,0.000877297761852,0.000877279596917,0.000877213598584,0.000877258523027,0.963781460324
88,0.000609899144838,0.530831167366,0.000609927794882,0.000609846398038,0.0233769283878,0.000609923635245,0.000609873438611,0.0305999251468,0.000609895609476,0.411532613078
89,0.00113653686837,0.12906570365,0.0011365552299,0.00113639479157,0.00113662381315,0.00113655823926,0.606628945003,0.234094751001,0.0233911030718,0.00113682833205
90,0.00125013286322,0.234688332866,0.00125008274803,0.00125016439282,0.00125018880043,0.169780525218,0.00125020248288,0.0012500399135,0.00125020124015,0.586780129476
91,0.0606189046228,0.000714439104957,0.000714337326469,0.000714358137746,0.000714426949597,0.742051402063,0.00071441459166,0.0241734211921,0.000714401904534,0.168869894107
92,0.371736625669,0.545779258673,0.000943530017239,0.000943854233794,0.000943554098433,0.000943624609784,0.000943675204435,0.000943403421141,0.000943582876319,0.0758788911967
93,0.00120520894425,0.00120514633892,0.00120498059791,0.00120500777427,0.00120512235717,0.0848513255303,0.00120504960862,0.00120522766894,0.803294265331,0.103418665848
94,0.000980777014804,0.000980824054534,0.116635999255,0.000980415875172,0.000980751856392,0.000980633947157,0.105166576715,0.00098063891981,0.000980747542807,0.77133263482
95,0.000609905405143,0.519910301027,0.000609804383897,0.000609808643285,0.000609833572697,0.000609880495205,0.255039796186,0.000609804245658,0.0811333948707,0.140257471171
96,0.0344637306407,0.181383286468,0.00129890045768,0.00129871809864,0.00129906380486,0.775060325256,0.00129921327026,0.00129875303958,0.00129904680149,0.00129896216204
97,0.00114954723364,0.00114958302152,0.00114948046291,0.00114969324096,0.00114954048166,0.00114952493152,0.00114966992134,0.00114945593432,0.495216614888,0.495586889885
98,0.00151534570011,0.90493331395,0.00151547632048,0.00151518789501,0.00151539861787,0.00151537238711,0.0632340469856,0.0212246627001,0.00151536808497,0.00151582735857
99,0.196478326539,0.142028630177,0.00114950781547,0.00114947702372,0.00114964100585,0.00115023556879,0.00114962214195,0.00114945666968,0.653445268591,0.0011498344681
100,0.0154071149323,0.412295101681,0.23038077052,0.000980543953912,0.000980549110696,0.202921861418,0.000980555277486,0.000980468387064,0.0522658964156,0.0828071383039
101,0.00128238619719,0.437998456825,0.00128242750663,0.0207863985522,0.00128234295029,0.28294324201,0.250578081257,0.00128205872828,0.00128224885504,0.00128235711875
102,0.000757683772829,0.000757745202799,0.187399017754,0.0258758530411,0.000757640101396,0.638275644947,0.143903176636,0.000757616734097,0.000757727837752,0.00075789397373
103,0.0346209274394,0.269986532911,0.000793949596895,0.000794168567361,0.0635406886709,0.217539046611,0.000793762510673,0.0365835941905,0.0538630619291,0.321484267573
104,0.00100025155841,0.169574581917,0.00100007191946,0.0232354378419,0.040232471189,0.148112810759,0.00100012337942,0.13865779796,0.00100012317432,0.476186330301
105,0.00117665566595,0.299120863385,0.00117664111382,0.0401429352083,0.00117660383094,0.580711842885,0.0362420598695,0.00117668974661,0.0378990258497,0.00117668244582
106,0.0753306618111,0.177941079322,0.63328726942,0.00100004212589,0.00100007646442,0.0483359481639,0.0601042188592,0.00100006671533,0.00100026203694,0.00100037508195
107,0.0791626453368,0.00138920333891,0.404931917355,0.00138905239338,0.00138919312748,0.00138940325543,0.0979370684624,0.00138893107086,0.00138904033745,0.409633545323
108,0.6021826033,0.199567615041,0.00109923721903,0.0260563583849,0.00109930750119,0.00109912945642,0.0275534016587,0.0504948253118,0.0479124563387,0.0429350657878
109,0.165676174263,0.135724823635,0.00125012453376,0.00125049532225,0.00125018142634,0.0630859817031,0.00125018155788,0.0012500173463,0.00125026225647,0.628011757956
110,0.231039692786,0.657064355104,0.020321570409,0.0834645570132,0.00135184253129,0.00135159847696,0.00135160693694,0.00135139484319,0.00135152464678,0.00135185725266
111,0.115071614796,0.180917890607,0.00120490347838,0.00120493841404,0.00120505837155,0.111955716611,0.00120502199303,0.00120486274018,0.320715276757,0.265314716232
112,0.369707369717,0.185441679066,0.00128306948666,0.00128218051326,0.00128233064087,0.0012823991621,0.00128222726979,0.0184722451543,0.418684139668,0.00128235932285
113,0.000709389294511,0.3287772801,0.0584407014606,0.000709293037247,0.000709354878604,0.157094569873,0.0111998166159,0.000709232104226,0.0336095755265,0.408040787109
114,0.0601897264131,0.076014454365,0.000578105365948,0.000578069210749,0.156813347341,0.541074039184,0.000578111125779,0.0160242333078,0.0840445621433,0.0641053515433
115,0.201732207824,0.203468896358,0.000934622741966,0.026568719541,0.000934742827958,0.494612548845,0.00093474275023,0.000934603232468,0.00093480133024,0.0689441145489
116,0.124040657228,0.000934886768301,0.000934847522371,0.000934644312739,0.0795121652773,0.210866661705,0.128602674659,0.000934634804384,0.392536850664,0.0607019770599
117,0.000971061236219,0.0260076145646,0.276573945821,0.374160811676,0.0217391321488,0.000971212063523,0.00097099432783,0.000971165120896,0.000971012302914,0.296663050738
118,0.0312026184053,0.131468142283,0.07673787642,0.00119057488009,0.00119074067639,0.243711204198,0.149355736176,0.260687103457,0.00119059847816,0.103265405026
119,0.0012989332525,0.0675961745389,0.10898051739,0.00129880478635,0.293058792075,0.00129896932315,0.00129896846818,0.00129883096091,0.461318169627,0.0625518395772
120,0.0941143596311,0.00123495596359,0.00123477633839,0.00123463946569,0.476376057783,0.0353569623363,0.0937918969877,0.00123498130358,0.00123463399361,0.294186736197
121,0.0579417965488,0.287374338663,0.00131639181182,0.00131586203564,0.252196770392,0.00131606558848,0.00131609722005,0.00131619212781,0.182448367306,0.213458118306
122,0.0783086514976,0.00128236444637,0.00128212204231,0.267105816334,0.00128221380361,0.217363657281,0.0550321514768,0.00128215224739,0.00128227995239,0.375778590918
123,0.042644884646,0.000961750488738,0.255243116823,0.000961572115094,0.000961612255224,0.0603486479466,0.102426955019,0.340579510102,0.0421507549087,0.153721195695
124,0.000714552910654,0.315640248321,0.000714367305723,0.000714312630933,0.000714436538297,0.0563434813833,0.120021437429,0.229091282797,0.00071459820707,0.275331282476
125,0.124769981895,0.0929284358241,0.00126589126256,0.0187709326824,0.161762560081,0.00126599326951,0.0258002400697,0.00126597305927,0.00126627848575,0.57090371337
126,0.00137037078767,0.260827165998,0.00136996376764,0.0496032402118,0.27318736917,0.00137019222445,0.00137007772194,0.00137000315617,0.408161393167,0.00137022379625
127,0.186811108071,0.042565663182,0.00114955914218,0.436986908392,0.00114957263772,0.0317158842958,0.00114964315057,0.0402448411975,0.00114963765927,0.257077182272
128,0.00120503183503,0.240321314154,0.00120486806348,0.0012049532621,0.172151651992,0.0012053590268,0.0634615049093,0.00120498119747,0.00120491177214,0.516835423788
129,0.000826564790637,0.320697733713,0.000826532544704,0.000826465612871,0.000826561599767,0.197192354775,0.0311421371203,0.000826567661371,0.446008335132,0.000826747050452
130,0.201554310246,0.445272484598,0.000621190857745,0.000621158989271,0.09485905244,0.000621271475512,0.000621472049309,0.25458649759,0.000621243638748,0.000621318116244
131,0.00112410950306,0.00112383589669,0.355710930758,0.0011240059442,0.00112371316362,0.245057253803,0.00112374705534,0.0448739366919,0.107007419394,0.241731047791
132,0.00138915909256,0.00138930253624,0.00138930179533,0.00138896698508,0.459387288126,0.00138947904159,0.393492136479,0.00138895031345,0.00138943336762,0.137395982263
133,0.024121500386,0.119052448876,0.00058155987519,0.000581426919425,0.138084799373,0.110651872744,0.0226464413313,0.00814997451077,0.331901611209,0.244228364774
134,0.0324348999613,0.359721943874,0.0012659703832,0.00126595271225,0.00126601085663,0.00126608685198,0.0012660308156,0.00126585255624,0.222698497938,0.377548754051
135,0.00175458195374,0.622770232091,0.00175446954838,0.00175444166355,0.00175458050105,0.00175474700033,0.00175453007201,0.00175449646682,0.00175472536451,0.363193195338
136,0.247677321254,0.00117682334104,0.282715315086,0.00117670745009,0.0978636559573,0.00117660886246,0.00117685703241,0.00117650306797,0.0371351855457,0.328725022404
137,0.00149293374193,0.358840759527,0.0555737045914,0.00149264044222,0.00149331135976,0.0191718469258,0.0014932757239,0.2383061283,0.0014929829067,0.320642416482
138,0.164527671251,0.105360263283,0.000800148487166,0.0228862742251,0.000800301926505,0.019179441837,0.0743558426546,0.000800022345859,0.0562358856056,0.555054148384
139,0.00140883255932,0.151386037456,0.00140861448778,0.0014087744972,0.0238279049943,0.621525361203,0.170060280894,0.00140873348053,0.0261566221423,0.00140883828628
140,0.00133361159553,0.406098823918,0.353882636468,0.00133337242762,0.00133359165669,0.00133350437887,0.00133348180425,0.00133348054454,0.00133369512591,0.23068380208
141,0.107168544885,0.0268040018782,0.0960099112259,0.000714339714198,0.0594377096713,0.000714402577727,0.0945815245609,0.000714447037305,0.400407991776,0.213447126674
142,0.155934360093,0.195466452151,0.0104099005642,0.0252981846004,0.000787518597144,0.000787525022229,0.0420252926461,0.000787418486106,0.28343725713,0.285066090709
143,0.175358057944,0.167595303299,0.00100008935222,0.00100017791787,0.00100019185171,0.0544129744877,0.083155416832,0.00100005643053,0.514477374703,0.00100035718119
144,0.0554990372056,0.00074090064087,0.325949475537,0.000741048320657,0.000740875327173,0.000740877818894,0.0802026274716,0.000740825154912,0.000740822267731,0.533903510255
145,0.050916384722,0.37806278775,0.000833365503654,0.184240858064,0.000833645238638,0.165874262528,0.000833464922554,0.0958692500473,0.121702388258,0.000833592966539
146,0.0399785668737,0.290698616021,0.00117656359946,0.00117652156148,0.00117662992558,0.00117683179304,0.00117674826227,0.460353075665,0.00117674774316,0.201909698556
147,0.187125033434,0.00109920046562,0.0219240656218,0.144929794376,0.00109905859267,0.36853985098,0.085221077532,0.00109912280096,0.109066822468,0.0798959737287
148,0.231641955214,0.0481050103021,0.000662352223438,0.0112966174612,0.0686454396688,0.5027518833,0.0988696582363,0.000662300366628,0.000662437606847,0.0367023456204
149,0.0400729938726,0.0839924200572,0.0902585736658,0.0753070657727,0.000934777293622,0.0829507716102,0.110576310492,0.000934739118996,0.377828231699,0.137144116417
150,0.0961961204071,0.000606238610364,0.0283839553737,0.0520557768511,0.105928679547,0.000606393618175,0.228495152461,0.00060608367636,0.486515349932,0.000606249523928
151,0.0544341825796,0.000763584987801,0.00076349138921,0.000763427147262,0.000763556362262,0.308913099817,0.154618709981,0.000763416731143,0.113577471258,0.364639059747
152,0.217212565994,0.120857823367,0.00088511030663,0.000885068274009,0.000885113494243,0.0166176852903,0.000885103360651,0.627670966255,0.0132154337447,0.000885129913308
153,0.216325216237,0.0346764014859,0.000561837014691,0.0469820612761,0.0569874828118,0.588324911547,0.000561936881831,0.000561805315455,0.0544564323884,0.000561915042577
154,0.00166724430517,0.283116829993,0.00166674826753,0.10945111888,0.0480102040209,0.0322969559903,0.00166680188026,0.00166672587146,0.00166692426084,0.518790446531
155,0.272935743189,0.105151789209,0.000662369025893,0.399759291742,0.0324655796176,0.000662382769538,0.0904798089344,0.000662520998401,0.0121778802287,0.0850426342856
156,0.204436079068,0.14735504421,0.000877292279786,0.33039400374,0.000877480546255,0.000877319745872,0.0744834761072,0.000877298145184,0.124752786518,0.11506921964
157,0.00113652201584,0.855005306228,0.066507698501,0.00113650074464,0.00113670670766,0.00113644230903,0.00113656574358,0.0705312362909,0.00113652890259,0.00113649255672
158,0.049195558988,0.62912241213,0.00092599482635,0.000926140237262,0.0980862272012,0.000926042052105,0.000926170474527,0.218039452983,0.000925975605916,0.000926025501347
159,0.218955549954,0.420249864256,0.00123472464427,0.116137523031,0.00123477744422,0.00123478692598,0.115309542585,0.123173415357,0.00123471114042,0.00123510466289
160,0.000961793228175,0.0714536760051,0.0315451723938,0.000961608265271,0.198751534717,0.0262909399318,0.494765506471,0.173346002579,0.000962013317329,0.000961753092049
161,0.209522591921,0.175316330881,0.00123471887897,0.236792560645,0.12959660137,0.00123517015036,0.00123492476228,0.0737718909105,0.170060504625,0.0012347058549
162,0.200407944817,0.116456954684,0.000917531374283,0.115578129634,0.0768836601492,0.0138498467838,0.173213388446,0.000917462895243,0.300857561747,0.000917519469911
163,0.124144635557,0.0948463777198,0.179299262601,0.00123479852532,0.475339692397,0.00123481398613,0.0012349390997,0.0430769071908,0.00123480390985,0.0783537690124
164,0.163434739092,0.0633845002614,0.000775375724304,0.0552466818445,0.117648795953,0.000775448544668,0.304125644245,0.278741219024,0.000775466874157,0.0150921284365
165,0.233461508515,0.351798809453,0.000840701969459,0.316038070105,0.0936580063523,0.00084050610906,0.000840594326698,0.00084036046244,0.000840817810352,0.000840624897256
166,0.138404245148,0.357109463943,0.00111144789002,0.419136043969,0.00111133589344,0.00111131251969,0.00111134572347,0.00111128931639,0.0212375604415,0.0585559551554
167,0.125314707316,0.261093936044,0.000854761296383,0.536665395405,0.000854856866836,0.000854875870187,0.052345840526,0.000854747465634,0.000854774006036,0.0203061052034
168,0.00120517191661,0.240339793452,0.00120486286488,0.540157429887,0.00120533589479,0.00120503550648,0.121232172301,0.00120485267562,0.00120509246305,0.0910402530382
169,0.493581122731,0.398876299916,0.0010527175743,0.00105272027343,0.00105278829157,0.00105282006514,0.0406262025352,0.0238043823822,0.00105270275173,0.03784824348
170,0.431786977796,0.499765025128,0.00135150749929,0.00135147309177,0.0589873720815,0.00135143915518,0.0013517536095,0.00135143204397,0.00135154136762,0.00135147822668
171,0.228031633086,0.370628514214,0.0010989545075,0.279730342176,0.00109912078816,0.00109900096944,0.0357210896389,0.0803933224312,0.00109901453178,0.0010990076565
172,0.232850970032,0.202380304528,0.0687221518999,0.455989515745,0.0345616769244,0.00109898924986,0.00109920190906,0.00109897061767,0.00109913909692,0.00109907999653
173,0.0280914647539,0.593571247665,0.00163945792111,0.366859616459,0.00163986816845,0.00163945677462,0.00163969722949,0.0016394867349,0.00163985170534,0.00163985258849
174,0.329957605655,0.335860083686,0.000746399242128,0.0231809002359,0.282819809122,0.000746329720392,0.0244497933551,0.000746280326542,0.00074635402273,0.000746444633924
175,0.0219786927197,0.493084232539,0.00136990494314,0.475347107343,0.00136998045517,0.00137010784525,0.00137003711249,0.00136987396121,0.00137005124841,0.00137001183261
176,0.111712759085,0.738452132926,0.00169528802682,0.0522599264122,0.00169541339927,0.0874043610236,0.00169518454115,0.00169493514421,0.00169497220678,0.00169502723528
177,0.0676103187671,0.450402861249,0.00114952758407,0.00114955340012,0.00114970260196,0.300231602108,0.00114961600676,0.00114949548483,0.00114951704356,0.174857805754
178,0.184147774592,0.247501910163,0.409793314313,0.00129917291481,0.085967267981,0.00129889448942,0.0320919942515,0.00129878726146,0.0353019155307,0.00129896850264
179,0.145439369945,0.49379905582,0.00129890606584,0.206089388782,0.0856845206011,0.00129902655129,0.0624932273779,0.00129876844081,0.00129879463677,0.00129894177917
180,0.386918232703,0.00153884353548,0.436013276665,0.00153855072069,0.00153873970922,0.00153877992432,0.166297708202,0.00153850499232,0.00153857840469,0.0015387851434
181,0.0490620718675,0.646033270046,0.000694585492523,0.000694820337148,0.000694585467589,0.000694525152298,0.0267626430106,0.000694466673447,0.23219779628,0.0424712356731
182,0.492448835636,0.136055959147,0.00119075895966,0.0198762022573,0.00119068167886,0.00119063756148,0.252708245343,0.00119052095631,0.00119072916882,0.0929574292924
183,0.211727814091,0.164114614241,0.299347013644,0.000885121509472,0.319499968272,0.000885102459504,0.000885092517561,0.000885110228684,0.000885062968304,0.000885100068326
184,0.375617647437,0.00144980822317,0.00144936061897,0.316953481488,0.0763359330462,0.00144939856299,0.22239568179,0.00144961523339,0.00144945744887,0.00144961615128
185,0.447219329186,0.241694169701,0.00075195128817,0.108633143614,0.0142945358079,0.000752022217426,0.184398981468,0.000751911115856,0.000751971935798,0.000751983665563
186,0.0377711018825,0.472119892812,0.00092603487655,0.000926017932775,0.0742287470521,0.209368422529,0.0351759877873,0.000925990444784,0.000926082451368,0.167631722232
187,0.161816160955,0.204943743874,0.26878424971,0.00112369026819,0.189112546124,0.00112378745618,0.0776150639112,0.00112363387198,0.00112369992381,0.0932334239056
188,0.638554654813,0.00102061165315,0.0122416285249,0.00102064099337,0.00102082654456,0.00102050504168,0.00102055684031,0.00102045929974,0.342059514795,0.00102060149424
189,0.127361874495,0.375953512454,0.000952481767357,0.310702747376,0.106673341266,0.00095266251797,0.00095259624177,0.00095242189355,0.000952597917032,0.0745457640723
190,0.305746214314,0.000699504853684,0.014226029356,0.0232953600758,0.000699459708295,0.000699400240167,0.126398191736,0.126831105277,0.400705370162,0.000699364276292
191,0.00128243193131,0.379940253068,0.00128215540997,0.429873192932,0.181210482235,0.00128238220406,0.00128225252719,0.00128209119033,0.00128231309249,0.00128244540865
192,0.849099644577,0.000730134895498,0.000730075657889,0.000729977651574,0.000730163440089,0.00073002042022,0.000730076071609,0.000729960808656,0.102719815568,0.0430701309093
193,0.386648841897,0.122825869814,0.0213022239414,0.000813044970183,0.205483947403,0.0427555364983,0.000813121089482,0.217731236249,0.000813073976363,0.000813104160597
194,0.31378713378,0.00108721866127,0.0010870507794,0.00108710280207,0.120307278579,0.558295920112,0.00108704467694,0.00108700270717,0.00108708811244,0.00108715978871
195,0.249867409958,0.209128820118,0.00109909623287,0.0010989926145,0.133816531814,0.0471313152596,0.0347477192065,0.00109894099088,0.320911849968,0.00109932383805
196,0.000980635338536,0.189017065725,0.000980489813466,0.000980482517341,0.000980481174082,0.000980502199793,0.694958707115,0.000980460920033,0.109160657688,0.000980517508173
197,0.00128248098536,0.107718412619,0.0177905734686,0.306629802466,0.00128227042501,0.00128229865606,0.00128243536344,0.00128217185331,0.0668972836439,0.494552270519
198,0.452310607949,0.161873503064,0.00192312924615,0.00192327102318,0.001923432434,0.00192330906917,0.00192336238498,0.00192316760857,0.37235290945,0.00192330777054
199,0.43739043591,0.0010641712903,0.00106402987034,0.286751363453,0.00106413504356,0.00106413241004,0.221691479889,0.0339853804664,0.0148607570328,0.00106411463404
200,0.652499469576,0.00117673586252,0.062235681355,0.0700626291087,0.0202270197422,0.00117667194721,0.104218330613,0.00117652456656,0.00117705188723,0.0860498853413
201,0.00108717389927,0.284458330704,0.00108708975485,0.0010870400157,0.00108708111515,0.467237576384,0.124561268116,0.0509466499945,0.0673605976614,0.00108719235454
202,0.00100024336482,0.210868781757,0.358627829504,0.014168852134,0.00100031783502,0.264766881103,0.0731824691764,0.0743842093446,0.00100014475975,0.00100027102014
203,0.0500335392985,0.088676336075,0.0848220413772,0.000752053260618,0.000751976345001,0.143435988758,0.0243650102822,0.00990871971359,0.166412549317,0.430841785573
204,0.0663608001981,0.155063440824,0.000685017550863,0.00903202195244,0.000684989321489,0.000685000903971,0.139496345517,0.0527532146524,0.215505066198,0.359734102882
205,0.228490542931,0.316356598324,0.000757697537466,0.000757627214118,0.000757705532475,0.000757689688482,0.0262212938106,0.280666106839,0.000757640841966,0.144477097281
206,0.114113340494,0.347876770701,0.198152975843,0.0447531911937,0.000714376847674,0.200651036768,0.000714405685065,0.0915950154459,0.000714476331849,0.000714410690392
207,0.00121986033128,0.655475716314,0.00121962689933,0.00121958839371,0.12753800541,0.00121975985476,0.00121961504327,0.0510912400282,0.0865069726841,0.0732896150411
208,0.0424399477244,0.13675154141,0.212048838909,0.0011111841758,0.00111128591712,0.525086308457,0.0011114026763,0.00111116911859,0.00111145820956,0.0781168634029
209,0.292262266848,0.409083395352,0.202141272429,0.0415200140385,0.00156314648455,0.00156292469415,0.00156282848605,0.00156257398469,0.00156267259635,0.0471789050853
210,0.132048022415,0.0631177159158,0.0822341102278,0.000649435557108,0.000649505401668,0.000649395799644,0.308798354832,0.000649391056552,0.000649389377147,0.410554679417
211,0.00120528273524,0.13471726929,0.0316606522646,0.00120548770183,0.00120497582764,0.00120493552453,0.588824816507,0.0311858214784,0.00120491082508,0.207585847846
212,0.000704397355202,0.280644783744,0.02629505903,0.000704384409304,0.49355852574,0.000704350580331,0.195275504953,0.000704326676761,0.000704331134209,0.000704336376314
213,0.0708409981009,0.823115475001,0.00111121576478,0.00111134534283,0.0640102645258,0.00111127054727,0.0192282003206,0.00111112703561,0.0172489189262,0.00111118443528
214,0.244686356659,0.519661292352,0.00172418153732,0.149810740923,0.00172439894078,0.00172435390716,0.00172437988335,0.00172428937802,0.075495414516,0.00172459190314
215,0.186952940249,0.156346613351,0.609082052268,0.00108723143174,0.00108724143896,0.00108708444636,0.00108721459881,0.00108698892383,0.041095589766,0.00108704352607
216,0.377521961812,0.213379729354,0.000793698731041,0.00079371959935,0.068922657123,0.000793768257001,0.000793935363887,0.021317451114,0.314889217995,0.000793860651644
217,0.501340806263,0.304880258446,0.00108722771825,0.00108720906639,0.00108728028543,0.0488145691722,0.00108724961735,0.00108719369681,0.00108718603886,0.138441019696
218,0.726401424849,0.0149927945194,0.000909133152707,0.0750196357425,0.000909234646673,0.000909187646896,0.148655317831,0.000909164047844,0.000909213181184,0.0303848943822
219,0.45219942274,0.00119083071552,0.00119052272843,0.00119054863609,0.00119065692617,0.00119092676215,0.478688783048,0.00119055408134,0.0360366774432,0.0259310769188
220,0.0664548195915,0.0755010409522,0.0651839250265,0.000719493343043,0.000719506841608,0.0799815877901,0.250756089121,0.000719510095811,0.0424966560826,0.417467371155
221,0.0865118769881,0.132889074182,0.053332905408,0.0988327224438,0.00128226779262,0.0012823099287,0.242114036423,0.00128208429601,0.381190115704,0.00128260683335
222,0.0737295452212,0.00113664990159,0.0493888124798,0.00113644870975,0.104886621622,0.00113662002389,0.598899754783,0.00113649008319,0.0802388017891,0.0883102553858
223,0.391926054,0.082789423854,0.000806591861241,0.508614583994,0.000806664814231,0.0118306031192,0.000806565923357,0.000806468762564,0.000806533390525,0.000806510280381
224,0.23451964043,0.272806348835,0.00112365864866,0.0761981560856,0.00112374106884,0.00112369829721,0.2750336767,0.0011236354257,0.00112384972946,0.135823594779
225,0.23452947744,0.272783803416,0.0011236586508,0.0762007384146,0.00112374106881,0.00112369829646,0.275042605812,0.00112363542495,0.0011238497326,0.135824791744
226,0.708262103402,0.0254956948384,0.0231173878046,0.035161138368,0.001149760385,0.00114963778014,0.189876434782,0.013488731491,0.0011494955405,0.00114961560863
227,0.207391086917,0.361072590353,0.000515513544812,0.0818290742234,0.180726974868,0.000515545834427,0.108201840015,0.000515488159916,0.0364963592576,0.022735526827
228,0.140600887224,0.419735469989,0.000565038902584,0.000565023501294,0.0804045176324,0.000565030911316,0.315332256868,0.0201259073416,0.0215408370584,0.000565030571118
229,0.0877159517195,0.227889384888,0.00126587187015,0.0346092240105,0.00126620731105,0.00126599818676,0.0012660022656,0.00126588000631,0.00126594480899,0.642189534933
230,0.579760662958,0.00119076949607,0.00119060459647,0.0150238930593,0.0211870386048,0.00119073004684,0.00119073422755,0.344994408112,0.0330805565726,0.00119060232594
231,0.691497166914,0.192552592009,0.00972803044937,0.0489941327067,0.000740858842346,0.000740793093442,0.000740795180963,0.00944814476856,0.000740962161677,0.0448165238734
232,0.0734890328888,0.365845963265,0.233348797876,0.0011628944623,0.0970261120361,0.0643522712165,0.0704705312667,0.00116292935615,0.00116291958858,0.0919785480438
233,0.540682408323,0.2492401686,0.00112377504854,0.122613783607,0.0660013776588,0.00112378417451,0.00112383029837,0.0158432375864,0.00112374151636,0.00112389318717
234,0.118042934346,0.570371412191,0.00128239896361,0.269828919369,0.0012822660232,0.00128213028726,0.00128229468416,0.0340631892895,0.0012823190292,0.00128213581666
235,0.382685283687,0.177878998556,0.00125011813458,0.0224807854594,0.00125030201705,0.00125008173056,0.029941197559,0.00125051226136,0.293378389497,0.0886343310983
236,0.0494704501813,0.888237612985,0.0502216451593,0.00172435121684,0.0017245476433,0.00172419603767,0.00172450124649,0.00172426999294,0.00172416351717,0.00172426202026
237,0.128331288961,0.806058535846,0.00212785677405,0.00212787991683,0.00212802785453,0.00212786853899,0.00212782830275,0.00212768879883,0.00212774258927,0.0507152824173
238,0.536391273839,0.17347458038,0.0202344094006,0.000751980549986,0.000752059324954,0.000752049708269,0.0682115856709,0.000751924390902,0.106557166675,0.09212297006
239,0.245054648001,0.7158211534,0.00108706616287,0.015906745304,0.00108713112262,0.00108701786284,0.00108720896589,0.0166949410599,0.0010869998343,0.00108708828712
240,0.188447537973,0.313248819893,0.0403835354564,0.00158792845862,0.256728453352,0.00158794749559,0.068744520392,0.00158733463569,0.00158741643604,0.126096505908
241,0.47339488111,0.114825896922,0.025397727859,0.328851813965,0.00104184971736,0.00104172483375,0.023642074497,0.00104170459272,0.029720395274,0.00104193122944
242,0.0684361635696,0.313417857217,0.00109916349957,0.0652097894223,0.00109916610588,0.00109903590593,0.373631458505,0.00109894634042,0.00109912839729,0.173809291037
243,0.0974814095456,0.460625498495,0.128581526702,0.00120514784742,0.250179195382,0.00120491968369,0.0205777095796,0.00120486103912,0.0377347995723,0.00120493215371
244,0.682125463714,0.211112597348,0.00120487447298,0.00120489683372,0.0983270240051,0.00120503819578,0.00120499871315,0.00120488228361,0.001204952894,0.00120527153938
245,0.000926157111483,0.468836350845,0.000926025909654,0.0110277561938,0.0237986976165,0.0170279271779,0.33303044674,0.0580497138652,0.0854508781788,0.000926046361392
246,0.192699226477,0.00166708949518,0.00166677729193,0.00166676476615,0.602025170121,0.00166719816178,0.0238849879868,0.00166680685586,0.00166682945458,0.17138914939
247,0.391760154688,0.53873298132,0.000892947283515,0.000892918426303,0.0319818569224,0.000892924770433,0.0127873758481,0.000892900539198,0.000892950313738,0.020272989888
248,0.228259207517,0.296032967709,0.294263979872,0.00151538292614,0.00151574986479,0.00151543883706,0.109164207728,0.00151521683628,0.0015153583953,0.0647024903145
249,0.0011908792857,0.175081599323,0.00119056327482,0.138896621704,0.599105883313,0.00119065283244,0.0382699866796,0.00119091922026,0.0130154476233,0.0308674467439
250,0.000689852919044,0.310982171248,0.00068971337349,0.101596385904,0.104629859526,0.000689733250276,0.0744415743021,0.0227652186273,0.0246194574731,0.358896033377
251,0.156581814285,0.224923855768,0.0520470367594,0.0718759556395,0.0203512283242,0.0415502306501,0.0939166618781,0.336950885319,0.000901168170209,0.000901163207171
252,0.13825389969,0.265796455478,0.0456346757343,0.000819801452346,0.0361762311505,0.020329783161,0.479295972766,0.0120535183753,0.000819753911877,0.000819908280607
253,0.216207504429,0.316385317931,0.0527003777143,0.00107538986173,0.00107554837056,0.00107557177116,0.168306837421,0.177846317579,0.0187587412544,0.0465683936677
254,0.219611161061,0.337537080111,0.236931540763,0.00102043400176,0.00102065757812,0.00102060904192,0.00102063855992,0.00102051293711,0.00102062889598,0.19979673705
255,0.284454031212,0.218751586812,0.00080660167488,0.0254160613139,0.185374095594,0.000806476698041,0.242903726969,0.000806577154534,0.000806606176382,0.0398742363954
256,0.000800213969314,0.142281478985,0.000800371874149,0.0123762692889,0.432850208929,0.0821549121341,0.315026638172,0.000800060692988,0.0121097145444,0.000800131410394
257,0.0478788021405,0.111645443568,0.000704381148424,0.0341055695971,0.562770406155,0.000704381827874,0.200404418802,0.0311767982378,0.00990549654337,0.000704301979841
258,0.0016133791166,0.194266451115,0.0598922023665,0.0016129291855,0.583998777028,0.0347082358826,0.106448033521,0.0142333927603,0.0016130949072,0.00161350411739
259,0.0199653945452,0.272291496411,0.000900981727536,0.024710773828,0.127624655833,0.000901081621486,0.311808980979,0.239994646799,0.000901004349358,0.000900983906832
260,0.00103116041179,0.20889038898,0.00103102986932,0.00103098282234,0.126991831868,0.00103107083166,0.224862758196,0.433068466094,0.00103121713833,0.0010310937888
261,0.0706770095761,0.000901142936784,0.000900957116763,0.021576264563,0.241693272699,0.0120547050135,0.605379005422,0.00090102422357,0.045015595336,0.00090102311346
262,0.480322518703,0.00116305293819,0.00116300037579,0.00116297486398,0.315394708814,0.17472885023,0.00116311094471,0.00116281364144,0.00116285668129,0.0225761128077
263,0.0986929420047,0.115909696783,0.0464357319555,0.000847663933851,0.551821915411,0.000847616227885,0.044749105422,0.000847559071312,0.000847816389642,0.138999952801
264,0.130181902058,0.648278423238,0.0188361833828,0.00129880228907,0.0354370299714,0.00129885879391,0.0730657897634,0.0890053055897,0.00129886514301,0.00129883977105
265,0.263852065416,0.213160305764,0.0007937254451,0.0399997608975,0.180461805583,0.000793743734295,0.000793773019019,0.000793685091714,0.298557361933,0.00079377311594
266,0.264374675823,0.542999494119,0.00151528313793,0.144611373684,0.00151531679616,0.00151528115544,0.0015154442619,0.00151524429624,0.038922517654,0.00151536907178
267,0.287123837397,0.304236581842,0.0011111429285,0.138279637746,0.102828680753,0.00111121440889,0.00111128600754,0.161974820531,0.00111121675707,0.00111158162839
268,0.4978757879,0.0023813003976,0.0603073036033,0.0653095112184,0.0023811447745,0.00238160679633,0.00238196839073,0.0023810047528,0.362218881396,0.00238149076958
269,0.241531075402,0.00192349712625,0.00192324272983,0.528413713813,0.00192348543258,0.00192327241057,0.189527480289,0.00192309991023,0.00192355000328,0.0289875828837
270,0.00123492435883,0.517197642384,0.00123479661369,0.00123461394484,0.293585396945,0.00123471208988,0.180573821816,0.00123460165642,0.00123469527137,0.00123479491915
271,0.431232327765,0.000847668681253,0.0515697748867,0.000847763737028,0.339025331419,0.0293495736285,0.144584968403,0.00084747748787,0.000847547475987,0.00084756651524
272,0.352835714177,0.0319239984336,0.00121965955459,0.400803008513,0.160508736436,0.00121990179063,0.00121976735198,0.00121962375279,0.0478299165777,0.00121967341164
273,0.247284410007,0.312536060595,0.0646378269637,0.096770489972,0.000917684046397,0.193928647737,0.0354216630347,0.00091755635353,0.0253113523654,0.0222743089258
274,0.419076365575,0.00125032615875,0.00125006070973,0.00125011701009,0.327475605832,0.00125022132218,0.141125504891,0.104821356028,0.001250147366,0.00125029510666
275,0.216856462529,0.573725232183,0.000877296652774,0.091176042242,0.000877299143766,0.102088539558,0.000877385629081,0.000877232223589,0.000877253916746,0.0117672559216
276,0.427721918167,0.26427897733,0.000787475261927,0.138289212402,0.000787626678262,0.000787570325226,0.10780270189,0.000787438154244,0.000787643785113,0.0579694360056
277,0.156079983415,0.445596474232,0.0333395618936,0.102420490059,0.00106402372705,0.0465380174135,0.00106412924336,0.196435338784,0.0163979678916,0.00106401334116
278,0.885059295131,0.000877297154318,0.000877322768274,0.0386179438091,0.023018662785,0.0305463768102,0.000877400602778,0.0183711863312,0.000877262555494,0.0008772520527
279,0.179616783207,0.261586280411,0.00121966743349,0.191516474935,0.00122008943181,0.00121964011134,0.359962317186,0.00121954084149,0.00121960171362,0.00121960472925
280,0.644184912824,0.122161477604,0.0189765532736,0.154666348934,0.00100014043958,0.00100012189201,0.043245309183,0.00100004673452,0.00100007200889,0.0127650171068
281,0.313095016041,0.231984747507,0.00108710066249,0.00108704755744,0.00108719806825,0.320402639268,0.00108727528794,0.00108704895016,0.127994635941,0.00108729071713
282,0.153072164783,0.643141899711,0.0019609431919,0.0019611987816,0.104795322802,0.00196082245612,0.00196136321515,0.00196083935102,0.0872245249006,0.00196092080697
283,0.000543585555418,0.498125286142,0.000543538198017,0.0461877529933,0.15304695582,0.0551173707924,0.125198769291,0.000543533553759,0.000543521482733,0.120149686171
284,0.00147107422427,0.304210739981,0.0808090796391,0.0556560827809,0.405776054053,0.0962788073738,0.0513855952123,0.00147063333563,0.00147108210486,0.00147085129455
285,0.00454714595242,0.175196987808,0.00454583053662,0.00454575079881,0.00454704614131,0.00454574316239,0.788433051787,0.00454562484164,0.0045460567967,0.00454676217539
286,0.00212829614968,0.435471589629,0.00212784944034,0.00212903220186,0.00212801639826,0.00212793842967,0.28159712162,0.0592876462117,0.00212794833369,0.210874561586
287,0.106870495941,0.00113671474594,0.00113648659605,0.0149935795379,0.0276845072968,0.00113657712733,0.472631210685,0.00113642219968,0.0964097108464,0.276864295024
288,0.729161663805,0.113249071089,0.000961559568023,0.000961725854735,0.0352583737745,0.0837702738434,0.0337522676389,0.000961603776537,0.000961769087337,0.000961691562559
289,0.542096766313,0.0298995686006,0.0486358171011,0.284639667809,0.0346037001909,0.00178591601304,0.00178593775306,0.0201721854441,0.0345944958559,0.00178594491892
290,0.744236583409,0.00101045877332,0.0240479709205,0.0142542295969,0.00101025801358,0.0355657818548,0.12327513502,0.00101011644794,0.0545792545463,0.00101021141696
291,0.792760870553,0.0521350512835,0.00128225744877,0.00128303009213,0.00128220152419,0.00128222896022,0.0599210801428,0.00128213350271,0.0477885282308,0.0409826182615
292,0.30310533003,0.163162709735,0.00108705742375,0.0487404638545,0.0554544930981,0.00108713892698,0.282392620965,0.00108699276197,0.0010871632805,0.142796029924
293,0.00625235425564,0.32390533818,0.19620431201,0.00625024966561,0.157933347378,0.00625010964661,0.00625159976983,0.157351295796,0.00625009665636,0.133351296643
294,0.0391660354534,0.453085393872,0.00091750793998,0.000917539956746,0.391290697747,0.000917508420284,0.0814360357776,0.000917551521859,0.00091749476579,0.030434234545
295,0.246461699161,0.504880756621,0.0315891900748,0.0312571008444,0.16703401261,0.000730027735721,0.0007301026585,0.00073008480265,0.000730052544499,0.015856972947
296,0.00151546663493,0.662652353063,0.0015152481601,0.0709364916299,0.112810991772,0.00151527418632,0.00151533429564,0.144508345116,0.00151523267074,0.00151526247136
297,0.102081470058,0.220478091484,0.00140852651457,0.00140857521225,0.532190900602,0.0262556173399,0.111950907169,0.00140861995629,0.00140869623422,0.00140859542969
298,0.101401870403,0.378020939635,0.265562190234,0.000952438503245,0.119164547717,0.0387930299381,0.0448452349909,0.0493547744896,0.00095248614963,0.000952487939451
299,0.396789160065,0.214114890938,0.00120491705237,0.20767184523,0.17419454148,0.00120491607064,0.00120497630293,0.00120493296059,0.00120489252914,0.0012049273715
300,0.229981943889,0.0943021959136,0.00103099951344,0.00103095688669,0.488871973003,0.038472080816,0.00103123316301,0.0596177350664,0.084629519251,0.00103136249741
301,0.000893049608346,0.134853268451,0.000892896219402,0.0383583655843,0.52011283286,0.000892907551197,0.189361179661,0.000893008914332,0.112849560322,0.0008929308287
302,0.681514107917,0.00133370339684,0.039612187631,0.14469924854,0.00133350283336,0.00133359465981,0.110177980707,0.0013333440473,0.00133344485796,0.01732888541
303,0.0883268843481,0.00119059047101,0.52525648672,0.00119057343778,0.00119057523699,0.105814202172,0.197173483957,0.0523300088735,0.0263365533723,0.00119064141035
304,0.000763540071574,0.32835449885,0.0319839647664,0.0832443498194,0.413022484515,0.0104853702945,0.11912720649,0.000763377794694,0.000763462714055,0.0114917446847
305,0.0674468894216,0.036529121607,0.0506480887357,0.000649387524131,0.0368655119748,0.000649481837251,0.21376254968,0.000649387144676,0.0186533881823,0.574146193893
306,0.000752124841283,0.293160140719,0.301568366165,0.00075195034357,0.000752022560987,0.00322633053119,0.189686959906,0.000752045740997,0.137291274731,0.0720587844613
307,0.00126600193386,0.262163435484,0.00126614177103,0.034968910181,0.00126603147875,0.0914473454853,0.00126615057396,0.232343527208,0.0870443915913,0.286968064293
308,0.000917506070025,0.108612390861,0.000917518894099,0.000917446269427,0.0164081929296,0.637113516405,0.0599365191341,0.000917579773286,0.000917599518724,0.173341730145
309,0.00120500442156,0.130251776906,0.00120526290187,0.00120510138854,0.00120493923339,0.415400079918,0.169298371353,0.00120486185907,0.0550618899497,0.223962712069
310,0.000971061805715,0.000971025401756,0.130518258195,0.000970982480338,0.000971062774851,0.0673596067288,0.146783905068,0.000970970068187,0.122536973002,0.527946154476
311,0.249080871863,0.000819830892338,0.00081988161462,0.000819732496221,0.125928168622,0.0893180132064,0.0250565580487,0.245647655801,0.0606111083667,0.201898179089
312,0.00109920395499,0.0526141146706,0.0834409135025,0.00109909950323,0.157607536617,0.393473269283,0.0535517064643,0.077043188678,0.0912846758279,0.0887862914984
313,0.181205603169,0.423720213516,0.00116307320055,0.0218594519677,0.00116306862192,0.149114833067,0.00116302776637,0.04268120736,0.00116286993274,0.176766651398
314,0.00125021509586,0.0744218850055,0.0702392776806,0.115942278327,0.210659090943,0.326968218418,0.00125019810297,0.00125013847636,0.065803804106,0.132214893845
315,0.00066678022706,0.174551225938,0.0355693763914,0.000666742883109,0.0838578391629,0.0794552129794,0.0731893251737,0.000666727264414,0.374937918663,0.176438851316
316,0.0729887419697,0.326056089554,0.00149258610516,0.00149268854012,0.00149260487272,0.035029362443,0.00149274113743,0.00149259531468,0.524469341818,0.0339932482452
317,0.00158744833309,0.0985484645543,0.0421099150535,0.00158732340807,0.00158758478087,0.370015321019,0.105483017608,0.00158733506897,0.227701219586,0.149792370588
318,0.000806652224729,0.165272091386,0.013711005178,0.000806506299591,0.242273838633,0.180607360721,0.0241690829506,0.000806528219866,0.265394481413,0.106152452976
319,0.0818639675726,0.199755019646,0.000806544274268,0.114681792265,0.000806604648053,0.0684510068397,0.0464244583488,0.0118904859392,0.0440415556764,0.43127856479
320,0.000934782870672,0.24804713925,0.000934782837683,0.057066546184,0.0324212765897,0.32401537848,0.013881206175,0.000934708137794,0.161219288293,0.160544891183
321,0.126746866406,0.138247161856,0.0850631140316,0.00116311726321,0.129400026331,0.183041829098,0.00116316211351,0.00116294457859,0.332848708433,0.00116306988871
322,0.227626348775,0.312090092142,0.00123472089476,0.00123465060965,0.00123479973335,0.00123487019192,0.00123481690847,0.00123464212061,0.399727583158,0.0531474754661
323,0.0286668597367,0.284087287792,0.00126589250952,0.00126598590487,0.0837714079869,0.0635396617466,0.194913080825,0.0489109908815,0.223314973328,0.0702638592895
324,0.122156531246,0.0753862784933,0.469138871778,0.00101017887272,0.093809304042,0.00101043176447,0.0944273406339,0.00101014977868,0.0353038703353,0.106747043055
325,0.000961814497017,0.114952394423,0.000961760587562,0.000961641677876,0.075568571358,0.031923712536,0.000961740816967,0.0163400018736,0.28382620473,0.4735421575
326,0.000971076681473,0.620047021729,0.000970941551014,0.0644367335428,0.0421043564465,0.000971082879023,0.122870681838,0.000971008851466,0.000970965433518,0.145686131047
327,0.0238463176211,0.199917131561,0.27983808209,0.000840428063158,0.124702053318,0.105811348,0.0620615078598,0.000840485061923,0.11064783775,0.0914948086743
328,0.186795760654,0.477527308815,0.0161955628581,0.00107538747985,0.0287036496834,0.00107538177689,0.0297325954087,0.00107532269394,0.256743634875,0.00107539575557
329,0.144854824595,0.227353003126,0.000917516462715,0.000917540088219,0.0422516011668,0.127081138546,0.0997032865694,0.000917723349916,0.0172436285736,0.338759737523
330,0.217119083716,0.182536508724,0.000657972273851,0.0738179896578,0.000658039285464,0.00065798430987,0.250511169168,0.000657915054034,0.0484915845984,0.224891753213
331,0.266263820413,0.169245310692,0.000909152908932,0.000909213998395,0.000909269774707,0.255610637509,0.0848189855746,0.000909178297497,0.0279386167735,0.192485814059
332,0.0646628464068,0.146068362531,0.00101020591642,0.00101048101163,0.0257798393652,0.00101028457986,0.00101042430617,0.0433808333444,0.10515473498,0.610911987558
333,0.186269336471,0.00111132926973,0.00111126340796,0.0153363080849,0.00111130615232,0.561663163068,0.181519578379,0.00111113215606,0.00111118336425,0.0496553996465
334,0.00109906047095,0.223648146184,0.00109920275033,0.00109898699543,0.00109903566214,0.6090068886,0.0873372906563,0.00109900283844,0.0010990003716,0.0734133854713
335,0.00116299773306,0.158438871505,0.352585008427,0.00116287052714,0.110890546992,0.136099459595,0.00116299909601,0.00116300593243,0.00116291679679,0.236171323395
336,0.096451153536,0.356184331004,0.340442354521,0.00123509527138,0.00123483522458,0.0825687680815,0.00123475215114,0.0012346680274,0.00123469033417,0.118179351849
337,0.00104185241201,0.121228984225,0.187811545569,0.0341835514659,0.00104181627637,0.315011219505,0.0735243310914,0.00104175871864,0.00104181301585,0.264073127721
338,0.0907155671774,0.246932504769,0.331734129972,0.000800075913508,0.0527221980647,0.138667763438,0.0140497458501,0.000800055242233,0.0244684961987,0.0991094633734
339,0.0770854740653,0.282765517853,0.00102050981628,0.00102046579777,0.133628865771,0.00102057688952,0.00102061628725,0.0914227024854,0.00102060640284,0.409994664632
340,0.111035832065,0.132979130078,0.428783066256,0.0494659481712,0.000769362251993,0.0447494602311,0.000769388722646,0.000769279470295,0.000769327210229,0.229909205544
341,0.00121979965867,0.235553438507,0.0874031298773,0.103090306283,0.00121974527546,0.374555287966,0.193299217695,0.00121959922894,0.00121968258924,0.001219792919
342,0.000740895665833,0.301563185738,0.308926760976,0.000740761698556,0.0666350844522,0.093178057336,0.0366901782883,0.000740822125109,0.0853290115323,0.105455242188
343,0.0635772647156,0.155915087154,0.00103110464445,0.00103104653416,0.00103122043807,0.430141191505,0.00103120831441,0.0269800576077,0.318230553045,0.00103126604192
344,0.219252271587,0.241613130942,0.000877283943254,0.0102085244819,0.0827555653252,0.0242597535886,0.00087732700401,0.00087744837934,0.116044543039,0.30323415171
345,0.0605863303304,0.360552734657,0.00123461952066,0.00123494352105,0.00123481688494,0.332936872746,0.0201197462055,0.0221838216356,0.00123472661796,0.198681387881
346,0.00106397190819,0.306235865627,0.00106390225889,0.0010638905685,0.0427684037855,0.238244402153,0.00106398094548,0.00106385683031,0.269210197646,0.138221528276
347,0.0483471851428,0.284005457703,0.000781371696215,0.00078135783003,0.0748693793567,0.382842175924,0.000781363506032,0.0747434758337,0.000781462062952,0.132066770945
348,0.0577332134769,0.124733066523,0.431096729858,0.0627607203589,0.0189710276596,0.000752168770149,0.108729113994,0.000751941138215,0.000752173281637,0.19371984494
349,0.0450013266324,0.359441397767,0.0395609615617,0.0125455930572,0.0010990929735,0.444737849576,0.0164227409224,0.0579846899712,0.0221071099483,0.00109923759007
350,0.0172358237716,0.219372223826,0.0308894880036,0.00096179161375,0.0481090834373,0.330724607171,0.000961797041485,0.0189960325209,0.207286868646,0.125462283969
351,0.292173827869,0.576253917334,0.0017546030425,0.0711326070838,0.00175480425203,0.00175484538917,0.00175455029472,0.0017545173751,0.0499114733195,0.00175485404046
352,0.00129894723185,0.113736906759,0.00129879351416,0.00129875679243,0.0965735738606,0.0305503777677,0.00129891202298,0.0154807990776,0.165910295236,0.572552637738
353,0.0333680109691,0.0473030999479,0.000633025159089,0.0547798864495,0.000633050193,0.515749479838,0.111542908719,0.00063298678976,0.00063325271994,0.234724299215
354,0.297188037204,0.0482008028092,0.0216520366887,0.101554760179,0.396563962395,0.00078136195191,0.000781409837055,0.000781281893921,0.00078135911385,0.131714987928
355,0.15748477687,0.0485594490647,0.0111429998732,0.000775267648313,0.0366443712127,0.0169911705021,0.01840361338,0.308512010222,0.142695124982,0.258791216245
356,0.000970970306126,0.252932376289,0.000970931193971,0.000970939522178,0.0773346282683,0.48559743108,0.111495577489,0.0216310205275,0.000970972084645,0.0471251532397
357,0.000719574215179,0.264924388307,0.000719512480695,0.0574146037278,0.290836034147,0.000719587136952,0.0722281866076,0.000719458239044,0.162164319999,0.14955433514
358,0.000952590842519,0.254104015632,0.000952448704329,0.000952412006856,0.0885607832839,0.157071876176,0.217819478713,0.000952421502714,0.277681231426,0.000952741712621
359,0.00086977416283,0.235679891237,0.101291359601,0.0270036646878,0.0631884737647,0.0662324270959,0.0317294278897,0.00086958999629,0.000869634945412,0.47226575662
360,0.0355171003199,0.166242674147,0.0014929727975,0.0948098250504,0.0510494490773,0.0407080533685,0.080512876738,0.00149256135991,0.00149316648891,0.526681320653
361,0.104788929156,0.684075294164,0.00107544567939,0.114017759095,0.00107550773123,0.0480343822037,0.00107543061523,0.0130903068068,0.00107545409204,0.031691490456
362,0.00116321814632,0.279920604248,0.00116284484491,0.415124992999,0.00116297728845,0.00116296813706,0.0697105670242,0.00116332748893,0.017825855612,0.211602644211
363,0.000826759781526,0.256976017286,0.0644553578791,0.0772845534543,0.128722590549,0.0190347012078,0.0309939718109,0.0109831695981,0.000826960014879,0.409895918419
364,0.111989492707,0.402387541919,0.015183633082,0.0243392124774,0.000909206620017,0.000909237731444,0.338549053046,0.000909159207637,0.000909146428141,0.103914316782
365,0.000952707782282,0.0630268625775,0.0640248843588,0.0679545110212,0.425155949193,0.0816456204867,0.215003042353,0.000952893838125,0.0402426660988,0.0410408622902
366,0.2566731465,0.186230703929,0.0750004895511,0.0299739384366,0.0917587769166,0.336479222877,0.000671220088464,0.000671193755886,0.0218700195554,0.000671288390239
367,0.368970781132,0.318140324942,0.001960920264,0.00196086019571,0.00196130312289,0.0910093622314,0.00196118513121,0.0258628658655,0.00196131294948,0.186211084166
368,0.103011878304,0.000901085306125,0.00090107457225,0.000901023315104,0.228731526764,0.145099708341,0.28304308346,0.000900939272137,0.000900973076868,0.235608707589
369,0.0300083193721,0.220374061388,0.00120506235602,0.00120506196803,0.0463335477257,0.0853512206264,0.0525051161141,0.00120497329946,0.0911760329763,0.470636604174
370,0.000819918956125,0.341916979749,0.0799082898323,0.0118186095572,0.0578503563166,0.000819889536488,0.000819877080643,0.000819931176934,0.0467715249192,0.458454622875
371,0.283337069551,0.242497675055,0.0175008367221,0.0202481611709,0.000662409160517,0.0695891650388,0.000662358523132,0.000662304732768,0.364177589055,0.000662430990735
372,0.447858387552,0.0345882640162,0.0663153123693,0.00232574541746,0.00232593573588,0.00232597231297,0.00232585890347,0.00232569157467,0.00232579040861,0.437283041709
373,0.101638296931,0.285722145971,0.00117662037835,0.0167178475558,0.0378279297857,0.00117657098391,0.0175113347982,0.00117656513078,0.168804653462,0.368248035004
374,0.256345080744,0.0938204947219,0.000757672153077,0.0381309191207,0.0421695331238,0.372917365772,0.0504047177856,0.000757601973295,0.143938822045,0.000757792561074
375,0.0546940104773,0.127126974252,0.0563448952783,0.000840646525391,0.000840523556284,0.0867315726673,0.0233094209388,0.00084039015007,0.648430974416,0.000840591738587
376,0.0943160734502,0.334703342819,0.0272732116876,0.0231460478956,0.0641178663588,0.0546574159103,0.0449235664533,0.000800108629948,0.30258351396,0.0534788528355
377,0.173708942727,0.0973850440385,0.355845958992,0.119203183372,0.121313517248,0.000893030099698,0.118816742962,0.0110475066715,0.000893010992892,0.000893062895829
378,0.000885117097957,0.396592625296,0.000885468325092,0.0807983755411,0.299787380508,0.12907261998,0.000885056794405,0.000885056440001,0.039222041587,0.0509862584307
379,0.181658812723,0.00156310686049,0.00156269925655,0.00156305031705,0.0015628240015,0.284846576761,0.0495801542757,0.399260235256,0.00156291791773,0.0768396226311
380,0.62825700877,0.00106399828776,0.0794906456248,0.023579685082,0.0873316340658,0.139760836718,0.00106401527312,0.00106387531054,0.00106403826565,0.0373242626023
381,0.129163519279,0.177914290654,0.0303921628725,0.099962324066,0.000819905797119,0.000819894944182,0.0816719675398,0.00081973292777,0.000819773337148,0.477616428583
382,0.17788940441,0.115695846512,0.0995748270052,0.358964975079,0.128961869277,0.0359221603208,0.00067587511996,0.000675741145284,0.0622464966936,0.0193928044375
383,0.0763753297407,0.319766717002,0.000813132095446,0.198976980047,0.0740257045572,0.000813117871776,0.0494638549059,0.000813111216581,0.19110565211,0.0878464004536
384,0.199497381905,0.122256246543,0.0261372235224,0.0523261892479,0.0241723238922,0.0560264561422,0.265599933175,0.000689703489087,0.106746139255,0.146548402828
385,0.0466586936227,0.176475606511,0.0689871355956,0.0011364629236,0.551900821063,0.00113651955196,0.0814278857874,0.0239814091826,0.00113688312392,0.0471585826379
386,0.0460919779787,0.590287970137,0.240418376865,0.0302916569807,0.00232599093712,0.002325789716,0.00232583227412,0.0812808534182,0.00232569704188,0.00232585465096
387,0.118286911003,0.582066993801,0.0617653998766,0.00121956352463,0.0344289477732,0.00121969234365,0.0012198188821,0.0113232706969,0.0012197593829,0.187249642716
388,0.224063699611,0.663012206832,0.00142936928991,0.00142890393571,0.0387990665272,0.00142883343787,0.00142907085919,0.0655505854748,0.00142910113527,0.00142916289701
389,0.000675893655134,0.286083183934,0.0540593805052,0.0916258921519,0.153818037806,0.0450936243981,0.191437019024,0.175855430645,0.000675759043161,0.000675778838295
390,0.00133351082538,0.372201973487,0.0203565396991,0.240770464136,0.00133347556073,0.0163334978448,0.311896744282,0.0331068891363,0.00133338758403,0.00133351744468
391,0.377400554715,0.24975800324,0.239952209684,0.056200244274,0.00121965621062,0.00121961336774,0.00121979909976,0.0012195388002,0.00121958620299,0.070590794405
392,0.00256471139282,0.309708844348,0.0783406905782,0.300450540895,0.0625325644508,0.00256423418656,0.182563399181,0.00256413760482,0.00256441161417,0.0561464657486
393,0.642098147817,0.245114203388,0.0270424500816,0.00120494370064,0.00120500102424,0.00120497525085,0.0304025630344,0.0012051470782,0.049317614649,0.00120495397637
394,0.120072775884,0.489878229507,0.00129932370923,0.00129893971419,0.04737878785,0.0812055016199,0.0670202998437,0.189248144503,0.00129887654129,0.00129912082802
395,0.206202069469,0.2819678569,0.000869708924727,0.111499420197,0.29327023407,0.0388673702377,0.000869671279673,0.0507174657735,0.0148665630678,0.000869640079883
396,0.192152723273,0.281900367362,0.000952546963965,0.422962008485,0.0284333073916,0.0697886724989,0.000952565472506,0.000952471894269,0.000952734154932,0.00095260250304
397,0.179984449001,0.364738143379,0.0015874162748,0.255179080874,0.0274060866134,0.00158737430704,0.00158745446125,0.164754766673,0.00158774477646,0.00158748364035
398,0.0453086828581,0.521164511549,0.000606188200846,0.32817007881,0.0367609525225,0.000606126876292,0.0509035706679,0.000606110631927,0.000606162450248,0.0152676154324
399,0.214574948977,0.638288439614,0.000714371018342,0.0972339646414,0.0456164479602,0.000714338839291,0.000714437623366,0.000714317921039,0.000714374605385,0.000714358799881
400,0.00285759379232,0.306859741311,0.00285717890651,0.521070887788,0.152067372563,0.00285719772877,0.00285796278306,0.00285717222237,0.00285748125522,0.00285741164885
401,0.434512168978,0.200912927818,0.00384624519054,0.291183930735,0.00384651483934,0.003846256403,0.00384691518282,0.0038462798854,0.0503122180763,0.00384654289151
402,0.000971114147118,0.377005690302,0.0798090412914,0.426546675892,0.110812702321,0.000970935804531,0.000970986316877,0.000970936906156,0.000970927806865,0.000970989211993
403,0.205800042195,0.391218744116,0.0108773449173,0.132628265402,0.00088514879409,0.000885099353962,0.0314691772904,0.000885080562832,0.224465960909,0.000885136459927
404,0.36833027092,0.282584517658,0.0031250367003,0.151239083652,0.00312552714137,0.00312526099991,0.179095080358,0.00312503918972,0.00312505131659,0.00312513206508
405,0.424426241457,0.304435122949,0.00212775648752,0.128186073675,0.0822119622942,0.00212770661886,0.00212788155774,0.0501014733295,0.00212799189182,0.00212778973964
406,0.483611032315,0.0100012936247,0.0100001451077,0.329322223417,0.11705892763,0.0100000000271,0.010001306778,0.0100001076985,0.0100038130412,0.0100011503601
407,0.160318966709,0.529427730772,0.00135140925889,0.208546725453,0.00135158736532,0.00135163599355,0.0013516123382,0.07687510123,0.0180735686236,0.00135166225778
408,0.127805752469,0.26505351815,0.00125033190193,0.463191668117,0.00125013460706,0.0286738595429,0.0817808744603,0.0284936236943,0.00125008255965,0.00125015449827
409,0.499875038808,0.0425379524748,0.0821021589721,0.0653518766076,0.000740824518945,0.0997642210899,0.000740815768112,0.000740798527862,0.127032247118,0.0811140661153
410,0.385827356627,0.0866314036029,0.00106410676317,0.275574037514,0.00106396458416,0.00106403622908,0.199735286892,0.0163236160294,0.00106400387121,0.0316521878877
411,0.214593500345,0.608371119306,0.00126591924743,0.0012660745145,0.0198308390652,0.0669166464126,0.00126609405764,0.00126593033135,0.0546141459553,0.0306097307648
412,0.346989764905,0.391892558114,0.038220219502,0.215999753363,0.00114968596809,0.00114982506117,0.00114960965409,0.00114945078703,0.00114955755779,0.00114957508783
413,0.247783929053,0.382270786016,0.00175450375064,0.0466797815893,0.0514839521158,0.00175453075596,0.263008322873,0.00175508246211,0.00175447899704,0.00175463238735
414,0.37079699849,0.384171865127,0.00106404714387,0.00106396864698,0.0521824505871,0.0221945808409,0.0842244741408,0.0010638854297,0.0821736442594,0.0010640853342
415,0.44810208581,0.463592937574,0.0653580978416,0.0011364427727,0.00113656665218,0.00113660583587,0.0161275408997,0.00113649758422,0.00113650702725,0.00113671800199
416,0.584468206771,0.21502547536,0.00126590952081,0.0938811780746,0.099028968172,0.00126588506235,0.00126601726815,0.00126592271624,0.00126647306616,0.00126596398896
417,0.141887909552,0.207599962974,0.000684978646154,0.0251235047207,0.121094266046,0.0492471580998,0.0664037194959,0.000684976532025,0.361663213946,0.0256103099878
418,0.227086165838,0.15262077356,0.000800166426098,0.0361579178789,0.496449420455,0.00080013964279,0.0123198154985,0.000800037598256,0.032407964267,0.040557598835
419,0.271561913742,0.053869451963,0.00121982659925,0.0338751527657,0.00121978294255,0.279108030413,0.242314308467,0.034818853819,0.00121972310091,0.0807929561881
420,0.269284720057,0.000769428053782,0.000769345563762,0.332941187568,0.0664285015385,0.0867527268435,0.126526088833,0.000769267007863,0.0802203092933,0.0355384252404
421,0.280566411771,0.11830014039,0.00111151947783,0.00111134773653,0.00111126014843,0.0175327286185,0.00111134343546,0.0131577948779,0.0613941051985,0.504603348345
422,0.228738601732,0.290316952936,0.000869596522345,0.123882880758,0.135601912875,0.000869687534018,0.0622782867551,0.0353881455597,0.0376206854467,0.0844332498817
423,0.261950908234,0.041164493338,0.00100011122301,0.00100007771627,0.0518724799351,0.154206134729,0.00100025053664,0.00100007498645,0.0549689149104,0.43183655439
424,0.137216730939,0.517822444778,0.00111118788597,0.00111117541889,0.183032240149,0.00111133926096,0.0192830860466,0.0129542607714,0.0502868745859,0.0760706601639
425,0.000840592877778,0.659602280346,0.0175800942549,0.0608598327974,0.0648492637274,0.000840463220218,0.000840511218059,0.0124358060881,0.0463096306541,0.135841524816
426,0.704337133983,0.171206779515,0.000934817970939,0.000934619026751,0.0847286977843,0.0212728561486,0.000934769133477,0.0137809250688,0.000934662482218,0.00093473888637
427,0.50961771505,0.202738911092,0.00105280438741,0.00105310919745,0.0524193903379,0.183204255903,0.0467554963764,0.00105268060918,0.00105281519394,0.00105282185228
428,0.337817082725,0.044424169436,0.00131598068981,0.0520745323969,0.00131604773942,0.0013160336176,0.457263605312,0.0433581341504,0.0269850156099,0.0341293983232
429,0.56992249218,0.294119486882,0.00121959225397,0.00121974038342,0.0211856062429,0.00121964901992,0.0277647923127,0.0328457074315,0.0492831194447,0.00121981384907
430,0.564534832552,0.0780966274343,0.0458581562978,0.00963020621986,0.000847647278869,0.000847651357068,0.103807653223,0.0258707157369,0.169658895374,0.000847614525976
431,0.387889993083,0.00222267608841,0.12570714425,0.00222240603586,0.247311214014,0.00222249470042,0.00222265221078,0.00222243213568,0.149360559949,0.0786184275321
432,0.0125000000489,0.137476537545,0.0125000001742,0.0125000001393,0.137493412518,0.0125009823704,0.0125000000929,0.637529066896,0.0125000001276,0.0125000000877
433,0.00109921411919,0.247269801175,0.00109903849341,0.018077497949,0.0969985868271,0.399366628461,0.0172628056085,0.0842563713662,0.133470963664,0.00109909233646
434,0.250179204568,0.117550254503,0.00111130840394,0.0289479100098,0.104434276822,0.174355850172,0.00111132462011,0.262699850395,0.0584987810769,0.001111239428
435,0.403360766116,0.257188294153,0.0361305541581,0.068540622788,0.04636540918,0.00910720437695,0.0242893582945,0.153912709161,0.000552534378955,0.00055254739358
436,0.493426727583,0.208301526532,0.00115011406369,0.0739721106927,0.0864364482515,0.111812056796,0.0214523210968,0.00114948122157,0.00114956562041,0.00114964814267
437,0.288224691983,0.397438241095,0.000885039136256,0.00088504003861,0.000885086482737,0.00088522846957,0.0456891605993,0.208712084362,0.0555102394048,0.000885188429059
438,0.195966219929,0.119744932847,0.0122199269097,0.00100018906234,0.0201418062279,0.533984872252,0.00100025746098,0.00100006118252,0.113941591171,0.00100014295643
439,0.32068696211,0.435101177537,0.00138897427753,0.0655783124996,0.00138911128721,0.00138913876359,0.0805148599104,0.00138893469024,0.091173531591,0.0013889973335
440,0.12969892838,0.28953380651,0.0196552900266,0.0446545878646,0.0434044900862,0.00079375516955,0.282954416052,0.0119667610509,0.000793846591448,0.17654411827
441,0.686366501371,0.00113655181393,0.0186004459194,0.100793563902,0.00113661514469,0.0188070906025,0.0715070784214,0.00113639470777,0.0993793231689,0.00113643494862
442,0.101534085135,0.0209242708543,0.0192540198485,0.000793919681777,0.540165374144,0.0104265931311,0.284766947312,0.000793918647933,0.000793770518209,0.0205471007268
443,0.338720190362,0.174397229748,0.00102049085246,0.109739484957,0.341839288703,0.00102051964646,0.00102070829301,0.00102043713671,0.030201183263,0.00102046703789
444,0.467187378901,0.216202969503,0.00156258881883,0.00156278956137,0.141045231693,0.00156263672797,0.166188341567,0.00156257148653,0.00156279927336,0.00156269246874
445,0.307105212777,0.158753634679,0.000537769457948,0.0301267182965,0.0920805917581,0.000538001316636,0.328464778853,0.000537657337218,0.000537720362922,0.0813179151624
446,0.49759557243,0.461392214379,0.000943499456226,0.0222567208017,0.00094355514549,0.00094348767384,0.00094353446586,0.000943484677725,0.0130944057612,0.000943525209053
447,0.13544414151,0.267511311623,0.0417213882211,0.000684988762925,0.0486962631821,0.000685004935635,0.470716811072,0.033170032593,0.000685008133069,0.000685049966121
448,0.17649650034,0.248713144355,0.0309830248773,0.0195182346312,0.000645298197467,0.000645231453994,0.0787928835789,0.000645203248208,0.0604894110197,0.383071068298
449,0.104652792291,0.00100037253316,0.00100016278752,0.0647368574179,0.00100012448699,0.0759431288145,0.344822416849,0.0010001609776,0.0993424762127,0.30650150763
450,0.17707986504,0.325976848401,0.00370415796124,0.00370390680388,0.00370385759941,0.00370390981006,0.339803448697,0.00370372595974,0.00370388168895,0.134916398039
451,0.497900172958,0.239090267568,0.0531092171738,0.00158743292889,0.00158769305045,0.00158746852433,0.00158756293574,0.138539268423,0.0634233005643,0.00158761587426
452,0.51914823551,0.00138920862961,0.00138898112335,0.0202528647371,0.00138903600654,0.00138895122958,0.343589426536,0.0172912581596,0.00138904494831,0.0927729931201
453,0.115450628925,0.2478200595,0.000917537849311,0.000917567684711,0.0265078290541,0.0838315159117,0.443946826558,0.0225655300637,0.0571249452585,0.000917559194997
454,0.618672507255,0.224890218071,0.0569448095397,0.0172311670873,0.0477986982437,0.000971059013642,0.0305786886173,0.000970913924795,0.000970937178334,0.000971001069489
455,0.516077537899,0.0954346441273,0.000943579745537,0.0356234995034,0.176874098467,0.0319249259472,0.140291199688,0.000943488250863,0.000943539128549,0.000943487243601
456,0.00105293215685,0.247785346086,0.0822462346177,0.00105273811338,0.184549478654,0.0400033770196,0.407014571116,0.0341897589329,0.00105280052701,0.00105276277697
457,0.788858971465,0.00117671507209,0.090204903911,0.00117659665431,0.0604990277536,0.00117659653433,0.00117666327122,0.0533773768565,0.00117659179727,0.00117655668455
458,0.20998456082,0.0199500409321,0.00114945447706,0.116438464398,0.00114961047161,0.114499941535,0.501451136464,0.0330773346856,0.0011498909895,0.00114956522792
459,0.567272971957,0.209036039642,0.000990234973759,0.043144536566,0.00099037063695,0.0974764048808,0.000990245562933,0.0154267390638,0.0636821115982,0.000990345118059
460,0.0465682456421,0.273993195174,0.00090928567208,0.00090911561381,0.461964517084,0.142253930037,0.000909277527018,0.0261424384728,0.0454407381097,0.000909256667564
461,0.428793989757,0.350020688844,0.0143912226759,0.00106388125465,0.0010640116687,0.00106394306205,0.0841981281923,0.0821632620707,0.00106391082696,0.0361769616479
462,0.00142890051038,0.61458192822,0.0014286096373,0.033825515897,0.0739465051413,0.0739067364659,0.0840287700077,0.00142886580518,0.113995460039,0.0014287082764
463,0.134361961788,0.352857985198,0.056871517767,0.0217102604248,0.00079382576895,0.000793744277044,0.0572400443971,0.315937512545,0.0245010713903,0.0349320764436
464,0.00666675655105,0.00666733644587,0.00666666671162,0.863109682423,0.0066670660192,0.0835555305734,0.00666668024243,0.00666673551153,0.00666682337197,0.00666672214994
465,0.000800162937584,0.201418695719,0.000800074456476,0.000800082184383,0.5075050235,0.185435333315,0.0008001094195,0.000800056606652,0.000800098062533,0.100840363799
466,0.0604175988032,0.352894009335,0.549844310129,0.00526337819906,0.00526359385746,0.00526326519424,0.00526347302922,0.00526389182145,0.0052632067525,0.00526327287967
467,0.13563935364,0.00500447556383,0.0808604269316,0.00500111233837,0.00500238788341,0.562998068039,0.0879800679727,0.107513746215,0.00500035378389,0.00500000763131
468,0.0797838149363,0.00263206488174,0.0814949119903,0.00263167787809,0.452421321472,0.00263225894808,0.217421599932,0.155718847471,0.00263169383186,0.00263180865872
469,0.00163973774878,0.332539413726,0.00163945624319,0.00163952040802,0.521480743443,0.00163962684736,0.00164011812071,0.00163951704324,0.00163955733903,0.134502309081
470,0.024173564831,0.502372602445,0.048628153393,0.00128215700159,0.248898201296,0.00128224116368,0.0012822381464,0.0154646147534,0.155333990482,0.00128223648849
471,0.0736258882064,0.47903726475,0.000952470832157,0.0594767734209,0.3573796615,0.0257177743108,0.000952636298085,0.000952426672865,0.000952571103478,0.000952532905331
472,0.651305547678,0.0745160769055,0.00945041796492,0.000719462314282,0.0732430324397,0.000719506806515,0.0241731275041,0.00071946591978,0.164433839892,0.00071952257568
473,0.153864500599,0.619482712672,0.0847616564132,0.0740620347064,0.0451784132713,0.000833480148604,0.000833451576134,0.000833395692046,0.000833435161117,0.0193169197609
474,0.526297027217,0.386986022282,0.00133350499468,0.0249726191751,0.0213417237095,0.0174300818617,0.00133356962235,0.00133335379493,0.0176386051215,0.00133349222127
475,0.00108713699364,0.376715824888,0.0010870042298,0.00108743352733,0.0185677471029,0.00108707445827,0.0208363655632,0.0126083958498,0.0133065858048,0.553616431582
476,0.496986092481,0.370972872923,0.0144525326199,0.00108703045071,0.111065696175,0.0010873372184,0.00108701411405,0.00108701765121,0.00108726661044,0.00108713975583
477,0.0510939960258,0.182512072772,0.00063699686415,0.0836172699335,0.0534023782336,0.0932062817706,0.0876339393124,0.0101722817707,0.000637103598487,0.437087679718
478,0.0835240754418,0.418279248832,0.0203924832178,0.00126593395067,0.0220135460495,0.0302002802391,0.00126628498081,0.00126587062628,0.420525971726,0.00126630493702
479,0.00113663867174,0.292062787826,0.00113640330553,0.00113641130709,0.0275090499559,0.00113660493988,0.0171971467732,0.00113639388862,0.285341343103,0.372207220229
480,0.0142859923343,0.0142872051828,0.0142864619824,0.0142857394937,0.0142861847555,0.0142903001982,0.0142860369654,0.0142954549373,0.0142863817315,0.871410242419
481,0.00151536313325,0.10315882694,0.00151527490352,0.00151527979368,0.0015153633004,0.427741699889,0.00151541804492,0.0428130787931,0.00151522592628,0.417194469277
482,0.0241686483789,0.502388709244,0.0486273340668,0.00128215700198,0.248886749417,0.00128224116217,0.00128223814431,0.0154646200572,0.155335066039,0.00128223648829
483,0.0713648886295,0.0529032532433,0.000581430638016,0.000581498827526,0.000581561088115,0.000581475479786,0.188789796166,0.0143280025792,0.105305452546,0.564982640803
484,0.606781660108,0.0432601817895,0.0191409805878,0.0504693924786,0.000757682016781,0.0230093950845,0.121949275894,0.0359083401975,0.0239708343934,0.0747522574494
485,0.380991039679,0.000813149156915,0.479816059837,0.0128879129925,0.000813165581359,0.0008131946976,0.090821054414,0.0314181832279,0.000813109420651,0.000813130993456
486,0.129910645619,0.2623602908,0.000961586554157,0.083556643574,0.0688468537138,0.000961593204233,0.422826001121,0.000961585840798,0.000961624133089,0.0286531754391
487,0.0292395989751,0.191158009584,0.161063087559,0.322162737637,0.0738480066721,0.000645296852052,0.164334667108,0.00764521269631,0.0295743002743,0.0203290826416
488,0.237320688095,0.234738522012,0.000714337593478,0.187672409048,0.133913147356,0.000714417130211,0.106857215214,0.000714334650594,0.0856293202755,0.0117256086242
489,0.210280372726,0.0399152166617,0.00158824616847,0.474434408339,0.00158748680607,0.219069109431,0.00158751216192,0.0015873349965,0.0483627948737,0.00158751783496
490,0.4182015351,0.00243961166973,0.160090876434,0.141878004921,0.00243947082836,0.00243952344637,0.00243936620832,0.0292669701388,0.238365096965,0.00243954428807
491,0.11702370625,0.303355486696,0.0913911598172,0.139419494072,0.00121970840673,0.342711904335,0.00121970033034,0.00121954877681,0.00121960030224,0.00121969101359
492,0.000826590851593,0.0379160652771,0.0117208003861,0.000826495792007,0.000826535169219,0.110015217501,0.108688300587,0.000826507903527,0.512714364081,0.215639122452
493,0.00178608783468,0.35834108624,0.00178595282571,0.00178592726558,0.0794586012035,0.0267438396565,0.50342131159,0.00178574180269,0.0017858003326,0.0231056512487
